66
4522
4000
4131
3789
1160
45
676
717
353
424
2275
5961
6227
2690
3983
924
1727
1884
1802
939
1887
2511
1782
2605
1598
8058
8805
9249
8622
7645
3188
44
665
971
807
1111
1541
1402
1511
1534
254
5711
46
9148
38019
44
202
1530
1821
2867
516
1775
1968
2014
523
782
3810
53
38
697
148
2076
44
3290
3620
4259
4154
4466
4153
6023
2084
49
231
651
1095
1160
1178
1053
1453
1599
1869
1857
2601
877
9607
7605
6225
1913
2267
2608
3948
4709
866
5887
5787
5881
5573
6521
4032
1076
43
45
291
135
883
85
749
752
1181
1216
1591
1450
1908
2597
2166
2217
1718
1190
44
353
802
781
56
1693
4637
46
27676
2863
1633
2552
3147
133248
4427
1081
2348
2516
4219
9108
9001
9622
9171
7468
4663
45
42
496
824
980
1030
1279
1590
2150
1439
2120
2009
3620
677
4192
2831
5807
4053
1794
1403
1977
2450
1527
1137
84
89
574
547
1067
607
1068
823
997
957
1412
1262
580
1605
3842
4479
3648
4884
43
580
143
653
1048
1157
1133
1198
6435
7853
8134
8437
8415
1373
1031
5665
6231
6732
3369
3955
3903
2244
130
39
2811
369
1669
637
2420
3692
3431
3659
3505
3537
3530
3988
3609
2648
44
292
564
838
482
3198
4694
5675
3417
47
900
750
909
966
804
46
631
359
551
3829
2924
1157
422
1390
1742
1865
2194
645
1917
902
7539
2562
530
1069
2388
2391
2927
1904
2003
371
4684
4175
2640
403
42
43
362
555
618
788
604
661
869
1162
1389
1545
2001
2273
2325
2567
1192
561
180
1793
1748
974
2067
2030
2415
2498
2234
2706
3030
2583
1645
412
1363
669
