557
838
21336
1511
24354
2724
25916
3208
17634
5921
25476
1279
20822
2680
20348
7035
27146
2668
23096
7923
20384
9970
29346
4193
26246
8629
25072
12369
31317
6595
27195
11308
33061
16658
27725
14575
33268
12965
34502
14778
28844
13438
34596
11320
35721
17736
29467
15646
35286
14122
37914
20488
32726
17767
37152
15392
39715
21031
38268
21096
30924
22489
43786
20530
43544
24942
38390
23943
43265
20811
46047
26391
34580
25092
45461
23593
46566
29285
47352
26817
46348
25757
48691
31395
42648
29831
48823
27585
50046
32088
45188
32058
52167
1879692
960888
911366
965992
885180
941717
883709
978981
934617
938357
948026
981613
952829
919070
964700
15452
377133
18007
444712
16697
400093
16881
531930
962097
483528
512510
972090
627854
624529
15805
694240
972391
652513
733830
18756
755764
937440
751007
824929
998292
810717
15811
806804
956971
805136
971594
902531
913387
934680
975766
22748
909861
920094
966052
966279
21123
967412
881669
32656
914044
898171
19713
918913
863225
27492
871524
905285
944820
31116
985826
918835
32922
17451
844181
930842
21311
939516
964594
30972
958540
898293
38626
20275
933043
962552
29646
952159
981943
33807
915299
936586
36551
951371
873324
44333
18725
902318
31610
973446
960516
47100
22470
926072
35689
1006143
970903
53190
30906
919465
40368
1003533
927586
993677
34453
590606
30133
615108
19116
589313
41472
611418
19583
20377
608260
35276
647597
42242
650511
29592
18405
16686
611702
48434
674208
33068
18877
19957
641258
52586
21986
626754
52999
19813
592971
56373
22194
671052
58109
21860
623196
60909
26142
559960
61877
32655
619888
66553
26773
640302
63881
18996
643542
65072
19487
673153
67470
20412
685968
71332
286092
789596
72903
661469
655684
29842
37528
668974
591769
690747
652041
35066
29235
30315
22124
693873
725663
43953
26751
27253
27820
31819
23056
23001
26841
25662
28836
674904
664365
46574
49885
34011
35016
27808
20120
35507
29538
28730
34155
18966
23552
40027
22243
31623
21552
45301
45497
27519
39264
39468
29825
39629
44512
39737
33632
32743
38476
33822
31608
40073
30743
53069
49062
44348
36817
37555
49759
31224
58156
56171
35534
46670
36357
54683
41539
58382
56305
37564
32433
40812
62959
61440
41682
64174
46947
44350
49013
64939
60415
42748
62084
64154
53052
54781
59191
55882
54626
71363
64701
48645
59334
52213
63968
52729
68903
75256
139098
51547
54338
69738
52560
72245
55643
68583
54184
73122
60857
72240
58597
78380
63247
77689
66201
65964
65213
61914
73331
63996
76767
68517
69233
79864
72376
60573
75385
76346
69903
75854
68335
79599
68940
81148
70572
77221
71448
81438
73792
81141
75486
87068
82468
82944
77908
85805
76937
85080
77645
86317
77284
87359
79924
88732
84910
88375
82444
88603
87922
91054
84584
86540
84630
92012
89334
92337
88143
93014
86713
94232
87652
105533
91823
100031
89389
97261
90969
98580
89888
98770
95005
105184
101616
102495
103593
92739
100311
96777
102187
98443
105074
98788
103557
99528
103602
105117
109927
101278
104544
103247
108043
106864
107575
108660
104966
104430
106559
104974
118934
109492
109632
115362
111230
110602
112572
113472
119156
114282
114346
111800
115191
120177
115022
114508
114148
115250
117277
123967
116844
118987
116497
116536
123309
121684
119329
118096
120924
117760
127830
122902
218652
122141
120191
123600
126966
124609
112159
108090
107368
108634
107378
108363
106962
107686
115278
109900
104797
110494
106639
107349
108963
109350
107716
104984
106336
105292
109025
111134
107806
105737
106542
104587
109117
106058
108019
104398
110917
105881
106742
106078
108493
106747
108139
108387
106131
107033
109045
104098
109061
109480
108549
110473
108223
104281
108657
106253
108289
107134
109623
109293
105142
107440
108767
107297
105784
107975
106518
107675
105832
105772
111006
112911
105197
108339
107911
105918
106539
111225
633405
