2138381
1973049
2275257
3372459
3254317
2551966
3333357
2886701
3305092
4419592
2612446
4296806
3510783
4390315
98220
4251410
3092347
3792181
2933510
2113959
3055483
4433277
2590043
1736636
3740392
2718039
2786647
2971800
2194598
3657685
1869459
2389768
4177984
2011568
2629395
1160898
4261513
2939223
1044925
4310416
2059556
4302541
3416877
3811766
1931717
2646903
3160971
1862753
4299211
2621633
4196847
1660047
4087698
4165748
1282676
2813887
4090327
298920
4258357
2528401
1649910
2668546
1424637
4176012
662548
3434029
3513074
635991
4219220
2126872
1995629
4127996
1056416
2962428
4377388
1274088
2859821
1347926
2774978
1547983
4172608
850609
3268243
2692643
1945034
4213857
2934845
4237481
3106177
4220913
1662661
4441737
691495
3506395
2774623
1753088
2391903
4181271
888777
3253419
4199377
22602
4141555
3118689
2315357
1801309
4128450
279907
3766858
3957578
236027
4182189
4242875
1062953
1148443
4162876
304242
3915224
4239567
1059323
3419122
4196071
465041
3645280
2932540
4287295
852790
3222917
4113748
2634846
1367365
2972794
4222785
1097172
3573637
2091084
1937506
2065819
1691164
4144775
1616475
4212272
1071619
2121740
4262509
76849
4058603
4380152
311234
4217856
929635
4260616
1453707
4158983
468313
3583596
4109149
223581
4208715
2592452
2437800
1817585
4086335
1441794
2691594
4433256
307119
4282276
4183658
878549
3165503
3912698
415194
3687640
3620906
3962908
2851351
4601470
3373186
4436932
2293185
4227781
3083134
1088856
948108
4206462
81970
2838281
4403291
1977089
3511527
620570
4190264
1132664
4219230
2589804
319964
4297756
4499806
299462
3922947
4256091
2455450
2922345
2170935
4286122
873612
3083495
810293
2536102
4483392
1364639
4300008
500428
3656588
4240352
1091556
3731964
2715785
669294
2821338
4327913
4387488
1260725
2807472
4207138
4086979
286627
4005355
4089043
3248528
864726
4086513
1273228
2806102
4109434
4173921
4170031
88721
4120088
4101030
497171
3789517
1895082
2167238
1887010
2141723
3814410
224713
4155257
740231
3536538
4249202
4102709
481284
3559591
4213853
893242
4191991
4092785
1643607
2486999
935025
4115481
280769
3764186
1680727
4360719
280596
3880207
1960000
4238309
2057092
2784501
4318867
730729
3542836
2236519
4293310
82472
4073031
1164832
3047941
2091609
2148074
4209020
3469656
1752362
2707580
2681194
1378344
3371670
3131551
1011989
3141299
2478945
4081142
16201
4164298
4339012
1288617
2862525
3165062
4283655
4313798
1475317
2764248
4194853
293038
4319233
4212869
299866
4213502
4320854
2477815
4513878
1286838
2881128
4184167
4200838
820173
4115977
4151366
2919738
4199485
4303715
4335363
2659943
1562224
2594556
1531673
2600978
1539954
2614818
3461633
4182122
2070781
4203473
4203649
2749160
4292690
4159711
4193596
4186598
1535623
2600899
1533762
2602993
1539965
2574309
1545173
41
28
578
176
4210101
1039798
4217850
2352810
4223449
4175929
4223228
4181201
4197792
4268110
4196119
4297927
4213722
4385026
132
2593106
1569792
3954972
247950
4304696
2592228
1578178
4399037
4180756
4187048
4187530
4220552
4254262
4454625
74
30
72
4392508
4499911
3649453
533818
4230691
4184362
4212704
4165720
4114874
4184908
4101091
4068181
4277373
32
29
27
4321318
467466
4357542
1833505
2333367
4193659
3054092
996163
4107292
4236326
4202748
3138556
1018247
3163537
1015165
3132305
1000816
3139166
999834
43
37
17
1261898
2852221
1280908
2851623
4223481
4260903
749695
4238658
3682499
484752
4227855
4181495
4263211
2874463
1321932
2874474
1275603
2866491
1232595
2844851
1292341
43
35
25
751978
3455810
721156
3441515
4118699
3465289
750252
4197236
3574299
517182
4282352
4081122
4123573
4147876
4122054
4115213
4102514
129
25
22
4336956
4064972
3840912
248488
4129502
4186228
4155937
4177092
4212980
4200559
4195633
4185814
4172300
34
34
24
4300756
4360143
4255723
4203916
490497
3704010
487876
4299956
4216806
1001664
3108314
978212
4215895
4232478
4217654
4152233
4150506
4172876
4281180
4225856
4314371
4198122
4229745
748095
4228052
4252885
4200436
4224320
797911
3362290
728107
3308460
717603
3360561
712085
3361730
37
164
81
4152403
4113462
4168754
756585
3340362
795034
4123241
4127742
4141940
733794
4107025
4095405
4254985
42